100
1 2 3 4 5 6 7 8 9 10 11 12 13 14 15 16 17 18 19 20 21 22 23 24 25 26 27 28 29 30 31 32 33 34 35 36 37 38 39 40 41 42 43 44 45 46 47 48 49 50 51 52 53 54 55 56 57 58 59 60 61 62 63 64 65 66 67 68 69 70 71 72 73 74 75 76 77 78 79 80 81 82 83 84 85 86 87 88 89 90 91 92 93 94 95 96 97 98 99 100 
1 1 34 88 362 
1 2 82 87 761 
1 3 54 61 285 
1 4 34 77 389 
1 5 12 54 379 
1 6 35 82 722 
1 7 77 81 46 
1 8 5 66 301 
1 9 22 67 251 
1 10 57 66 934 
1 11 34 42 219 
1 12 22 47 330 
1 13 20 81 360 
1 14 27 58 752 
1 15 58 91 698 
1 16 78 96 606 
1 17 17 27 806 
1 18 84 93 412 
1 19 37 71 432 
1 20 45 75 988 
1 21 6 88 321 
1 22 53 97 967 
1 23 20 78 170 
1 24 18 34 369 
1 25 79 98 481 
1 26 13 73 419 
1 27 11 40 6 
1 28 90 99 169 
1 29 61 61 783 
1 30 67 77 985 
1 31 17 52 51 
1 32 77 82 262 
1 33 12 45 584 
1 34 72 86 940 
1 35 58 77 854 
1 36 70 95 302 
1 37 78 89 632 
1 38 22 78 491 
1 39 9 49 446 
1 40 67 97 540 
1 41 92 97 785 
1 42 85 88 150 
1 43 23 39 83 
1 44 94 96 353 
1 45 96 96 595 
1 46 80 92 516 
1 47 27 54 859 
1 48 55 97 179 
1 49 10 64 799 
1 50 50 64 387 
1 51 42 63 606 
1 52 90 94 983 
1 53 91 94 911 
1 54 90 91 272 
1 55 41 95 683 
1 56 17 57 362 
1 57 84 96 248 
1 58 96 97 770 
1 59 93 93 770 
1 60 81 89 333 
1 61 75 89 835 
1 62 14 75 322 
1 63 86 86 739 
1 64 58 91 273 
1 65 36 88 305 
$
